0.0 0.3175 0.32125 0.29125 0.4675 0.56 0.455 0.56875 
0.3175 0.0 0.47 0.47125 0.5675 0.61375 0.31875 0.61375 
0.32125 0.47 0.0 0.4575 0.3075 0.4575 0.565 0.4825 
0.29125 0.47125 0.4575 0.0 0.55 0.6 0.54625 0.6075 
0.4675 0.5675 0.3075 0.55 0.0 0.3025 0.62875 0.30125 
0.56 0.61375 0.4575 0.6 0.3025 0.0 0.64 0.44875 
0.455 0.31875 0.565 0.54625 0.62875 0.64 0.0 0.6525 
0.56875 0.61375 0.4825 0.6075 0.30125 0.44875 0.6525 0.0 
